time	V(vtag)
0.000000000000000e+000	3.000000e+000
9.999999717180685e-010	3.000000e+000
1.999999943436137e-009	2.999999e+000
1.917396231486616e-002	2.999318e+000
3.834792262973238e-002	2.998657e+000
5.752188294459859e-002	2.998016e+000
7.669584325946481e-002	2.997395e+000
9.586980357433103e-002	2.996795e+000
1.150437638891972e-001	2.996215e+000
1.342177242040634e-001	2.995655e+000
2.318739742040634e-001	2.992980e+000
3.295302242040634e-001	2.990644e+000
4.271864742040634e-001	2.988631e+000
5.248427242040634e-001	2.986896e+000
6.224989742040634e-001	2.985401e+000
7.201552242040634e-001	2.984112e+000
8.178114742040634e-001	2.982996e+000
8.438384064606258e-001	2.982718e+000
8.698653387171882e-001	2.982452e+000
8.958922709737506e-001	2.982197e+000
9.219192032303130e-001	2.981954e+000
9.479461354868753e-001	2.981723e+000
9.739730677434377e-001	2.981503e+000
1.000000000000000e+000	2.981296e+000
1.000080000000000e+000	2.980549e+000
1.000240000000000e+000	2.977843e+000
1.000480000000000e+000	2.970272e+000
1.000800000000000e+000	2.955816e+000
1.001942857142857e+000	2.886669e+000
1.003085714285714e+000	2.817635e+000
1.004228571428571e+000	2.748714e+000
1.005371428571429e+000	2.679906e+000
1.006514285714286e+000	2.611211e+000
1.007657142857143e+000	2.542629e+000
1.008800000000000e+000	2.474160e+000
1.009020800000000e+000	2.464098e+000
1.009315200000000e+000	2.455830e+000
1.009600000000000e+000	2.451751e+000
1.068113478571437e+000	2.495034e+000
1.126626957142874e+000	2.535395e+000
1.185140435714311e+000	2.572837e+000
1.243653914285748e+000	2.607359e+000
1.302167392857185e+000	2.638960e+000
1.360680871428622e+000	2.667641e+000
1.419194350000059e+000	2.693403e+000
1.516850600000059e+000	2.732455e+000
1.614506850000059e+000	2.766112e+000
1.712163100000059e+000	2.795120e+000
1.809819350000059e+000	2.820119e+000
1.907475600000059e+000	2.841665e+000
2.005131850000059e+000	2.860234e+000
2.102788100000059e+000	2.876238e+000
2.200444350000059e+000	2.890031e+000
2.298100600000059e+000	2.901918e+000
2.395756850000059e+000	2.912163e+000
2.493413100000059e+000	2.920992e+000
2.591069350000059e+000	2.928602e+000
2.688725600000059e+000	2.935160e+000
2.786381850000059e+000	2.940813e+000
2.884038100000059e+000	2.945684e+000
2.981694350000059e+000	2.949882e+000
3.079350600000059e+000	2.953501e+000
3.177006850000059e+000	2.956619e+000
3.274663100000059e+000	2.959307e+000
3.372319350000059e+000	2.961623e+000
3.469975600000059e+000	2.963619e+000
3.567631850000059e+000	2.965340e+000
3.665288100000059e+000	2.966823e+000
3.762944350000059e+000	2.968101e+000
3.860600600000059e+000	2.969202e+000
3.958256850000059e+000	2.970151e+000
4.055913100000058e+000	2.970969e+000
4.153569350000058e+000	2.971674e+000
4.251225600000058e+000	2.972282e+000
4.348881850000058e+000	2.972806e+000
4.446538100000058e+000	2.973257e+000
4.544194350000058e+000	2.973646e+000
4.641850600000058e+000	2.973981e+000
4.739506850000058e+000	2.974270e+000
4.837163100000058e+000	2.974519e+000
4.934819350000058e+000	2.974734e+000
5.032475600000058e+000	2.974918e+000
5.130131850000058e+000	2.975078e+000
5.227788100000058e+000	2.975215e+000
5.325444350000058e+000	2.975334e+000
5.423100600000058e+000	2.975436e+000
5.520756850000058e+000	2.975524e+000
5.618413100000058e+000	2.975600e+000
5.716069350000058e+000	2.975665e+000
5.813725600000058e+000	2.975721e+000
5.911381850000058e+000	2.975770e+000
6.009038100000058e+000	2.975811e+000
6.204350600000058e+000	2.975879e+000
6.399663100000058e+000	2.975929e+000
6.594975600000058e+000	2.975965e+000
6.887944350000058e+000	2.976004e+000
7.180913100000058e+000	2.976029e+000
7.418078278571487e+000	2.976040e+000
7.655243457142916e+000	2.976049e+000
7.892408635714345e+000	2.976057e+000
8.129573814285774e+000	2.976063e+000
8.366738992857201e+000	2.976067e+000
8.603904171428631e+000	2.976069e+000
8.841069350000058e+000	2.976069e+000
9.000000000000000e+000	2.976070e+000
9.000080000000001e+000	2.975323e+000
9.000240000000000e+000	2.972619e+000
9.000480000000000e+000	2.965050e+000
9.000800000000000e+000	2.950597e+000
9.001942857142858e+000	2.881459e+000
9.003085714285714e+000	2.812434e+000
9.004228571428572e+000	2.743522e+000
9.005371428571429e+000	2.674723e+000
9.006514285714287e+000	2.606037e+000
9.007657142857143e+000	2.537464e+000
9.008800000000001e+000	2.469003e+000
9.009020800000002e+000	2.458943e+000
9.009315200000001e+000	2.450678e+000
9.009599999999999e+000	2.446601e+000
9.068113478571336e+000	2.490308e+000
9.126626957142671e+000	2.531067e+000
9.185140435714008e+000	2.568876e+000
9.243653914285343e+000	2.603737e+000
9.302167392856680e+000	2.635649e+000
9.360680871428016e+000	2.664612e+000
9.419194349999351e+000	2.690626e+000
9.516850599999351e+000	2.730062e+000
9.614506849999351e+000	2.764050e+000
9.712163099999351e+000	2.793342e+000
9.809819349999351e+000	2.818588e+000
9.907475599999351e+000	2.840345e+000
1.000513184999935e+001	2.859097e+000
1.010278809999935e+001	2.875257e+000
1.020044434999935e+001	2.889186e+000
1.029810059999935e+001	2.901190e+000
1.039575684999935e+001	2.911535e+000
1.049341309999935e+001	2.920451e+000
1.059106934999935e+001	2.928136e+000
1.068872559999935e+001	2.934758e+000
1.078638184999935e+001	2.940466e+000
1.088403809999935e+001	2.945385e+000
1.098169434999935e+001	2.949625e+000
1.107935059999935e+001	2.953279e+000
1.117700684999935e+001	2.956428e+000
1.127466309999935e+001	2.959142e+000
1.137231934999935e+001	2.961481e+000
1.146997559999935e+001	2.963497e+000
1.156763184999935e+001	2.965234e+000
1.166528809999935e+001	2.966732e+000
1.176294434999935e+001	2.968022e+000
1.186060059999935e+001	2.969134e+000
1.195825684999935e+001	2.970093e+000
1.205591309999935e+001	2.970919e+000
1.215356934999935e+001	2.971631e+000
1.225122559999935e+001	2.972245e+000
1.234888184999935e+001	2.972773e+000
1.244653809999935e+001	2.973229e+000
1.254419434999935e+001	2.973622e+000
1.264185059999935e+001	2.973960e+000
1.273950684999935e+001	2.974252e+000
1.283716309999935e+001	2.974504e+000
1.293481934999935e+001	2.974720e+000
1.303247559999935e+001	2.974907e+000
1.313013184999935e+001	2.975068e+000
1.322778809999935e+001	2.975207e+000
1.332544434999935e+001	2.975327e+000
1.342310059999935e+001	2.975430e+000
1.352075684999935e+001	2.975518e+000
1.361841309999935e+001	2.975595e+000
1.371606934999935e+001	2.975661e+000
1.381372559999935e+001	2.975718e+000
1.391138184999935e+001	2.975767e+000
1.400903809999935e+001	2.975809e+000
1.420435059999935e+001	2.975877e+000
1.439966309999935e+001	2.975927e+000
1.459497559999935e+001	2.975965e+000
1.488794434999935e+001	2.976003e+000
1.518091309999935e+001	2.976028e+000
1.526461845714221e+001	2.976033e+000
1.534832381428507e+001	2.976038e+000
1.543202917142792e+001	2.976042e+000
1.551573452857078e+001	2.976046e+000
1.559943988571364e+001	2.976049e+000
1.568314524285649e+001	2.976052e+000
1.576685059999935e+001	2.976054e+000
1.586450684999935e+001	2.976057e+000
1.602672015714230e+001	2.976060e+000
1.618893346428525e+001	2.976062e+000
1.635114677142820e+001	2.976065e+000
1.651336007857115e+001	2.976067e+000
1.667557338571410e+001	2.976068e+000
1.683778669285705e+001	2.976069e+000
1.700000000000000e+001	2.976070e+000
1.700008000000000e+001	2.975323e+000
1.700024000000000e+001	2.972619e+000
1.700048000000000e+001	2.965050e+000
1.700080000000000e+001	2.950597e+000
1.700194285714285e+001	2.881459e+000
1.700308571428571e+001	2.812434e+000
1.700422857142857e+001	2.743522e+000
1.700537142857143e+001	2.674723e+000
1.700651428571429e+001	2.606037e+000
1.700765714285715e+001	2.537464e+000
1.700880000000000e+001	2.469003e+000
1.700902080000001e+001	2.458943e+000
1.700931520000003e+001	2.450678e+000
1.700960000000000e+001	2.446601e+000
1.706811347856993e+001	2.490308e+000
1.712662695713987e+001	2.531067e+000
1.718514043570980e+001	2.568876e+000
1.724365391427973e+001	2.603737e+000
1.730216739284967e+001	2.635649e+000
1.736068087141960e+001	2.664612e+000
1.741919434998953e+001	2.690626e+000
1.751685059998953e+001	2.730062e+000
1.761450684998953e+001	2.764050e+000
1.771216309998953e+001	2.793342e+000
1.780981934998953e+001	2.818588e+000
1.790747559998953e+001	2.840345e+000
1.800513184998953e+001	2.859097e+000
1.810278809998953e+001	2.875257e+000
1.820044434998953e+001	2.889186e+000
1.829810059998953e+001	2.901190e+000
1.839575684998953e+001	2.911535e+000
1.849341309998953e+001	2.920451e+000
1.859106934998953e+001	2.928136e+000
1.868872559998953e+001	2.934758e+000
1.878638184998953e+001	2.940466e+000
1.888403809998953e+001	2.945385e+000
1.898169434998953e+001	2.949625e+000
1.907935059998953e+001	2.953279e+000
1.917700684998953e+001	2.956428e+000
1.927466309998953e+001	2.959142e+000
1.937231934998953e+001	2.961481e+000
1.946997559998953e+001	2.963497e+000
1.956763184998953e+001	2.965234e+000
1.966528809998953e+001	2.966732e+000
1.976294434998953e+001	2.968022e+000
1.986060059998953e+001	2.969134e+000
1.995825684998953e+001	2.970093e+000
2.005591309998953e+001	2.970919e+000
2.015356934998953e+001	2.971631e+000
2.025122559998953e+001	2.972245e+000
2.034888184998953e+001	2.972773e+000
2.044653809998953e+001	2.973229e+000
2.054419434998953e+001	2.973622e+000
2.064185059998953e+001	2.973960e+000
2.073950684998953e+001	2.974252e+000
2.083716309998953e+001	2.974504e+000
2.093481934998953e+001	2.974720e+000
2.103247559998953e+001	2.974907e+000
2.113013184998953e+001	2.975068e+000
2.122778809998953e+001	2.975207e+000
2.132544434998953e+001	2.975327e+000
2.142310059998953e+001	2.975430e+000
2.152075684998953e+001	2.975518e+000
2.161841309998953e+001	2.975595e+000
2.171606934998953e+001	2.975661e+000
2.181372559998953e+001	2.975718e+000
2.191138184998953e+001	2.975767e+000
2.200903809998953e+001	2.975809e+000
2.220435059998953e+001	2.975877e+000
2.239966309998953e+001	2.975927e+000
2.259497559998953e+001	2.975965e+000
2.288794434998953e+001	2.976003e+000
2.318091309998953e+001	2.976028e+000
2.341807827856096e+001	2.976040e+000
2.365524345713239e+001	2.976049e+000
2.389240863570382e+001	2.976057e+000
2.412957381427525e+001	2.976063e+000
2.436673899284667e+001	2.976067e+000
2.460390417141811e+001	2.976069e+000
2.484106934998953e+001	2.976069e+000
2.500000000000000e+001	2.976070e+000
2.500008000000000e+001	2.975323e+000
2.500024000000000e+001	2.972619e+000
2.500048000000000e+001	2.965050e+000
2.500080000000000e+001	2.950597e+000
2.500194285714285e+001	2.881459e+000
2.500308571428571e+001	2.812434e+000
2.500422857142857e+001	2.743522e+000
2.500537142857143e+001	2.674723e+000
2.500651428571429e+001	2.606037e+000
2.500765714285715e+001	2.537464e+000
2.500880000000000e+001	2.469003e+000
2.500902080000001e+001	2.458943e+000
2.500931520000001e+001	2.450678e+000
2.500960000000000e+001	2.446601e+000
2.506811347857097e+001	2.490308e+000
2.512662695714194e+001	2.531067e+000
2.518514043571292e+001	2.568876e+000
2.524365391428389e+001	2.603737e+000
2.530216739285486e+001	2.635649e+000
2.536068087142583e+001	2.664612e+000
2.541919434999680e+001	2.690626e+000
2.551685059999680e+001	2.730062e+000
2.561450684999680e+001	2.764050e+000
2.571216309999680e+001	2.793342e+000
2.580981934999680e+001	2.818588e+000
2.590747559999680e+001	2.840345e+000
2.600513184999680e+001	2.859097e+000
2.610278809999680e+001	2.875257e+000
2.620044434999680e+001	2.889186e+000
2.629810059999680e+001	2.901190e+000
2.639575684999680e+001	2.911535e+000
2.649341309999680e+001	2.920451e+000
2.659106934999680e+001	2.928136e+000
2.668872559999680e+001	2.934758e+000
2.678638184999680e+001	2.940466e+000
2.688403809999680e+001	2.945385e+000
2.698169434999680e+001	2.949625e+000
2.707935059999680e+001	2.953279e+000
2.717700684999680e+001	2.956428e+000
2.727466309999680e+001	2.959142e+000
2.737231934999680e+001	2.961481e+000
2.746997559999680e+001	2.963497e+000
2.756763184999680e+001	2.965234e+000
2.766528809999680e+001	2.966732e+000
2.776294434999680e+001	2.968022e+000
2.786060059999680e+001	2.969134e+000
2.795825684999680e+001	2.970093e+000
2.805591309999680e+001	2.970919e+000
2.815356934999680e+001	2.971631e+000
2.825122559999680e+001	2.972245e+000
2.834888184999680e+001	2.972773e+000
2.844653809999680e+001	2.973229e+000
2.854419434999680e+001	2.973622e+000
2.864185059999680e+001	2.973960e+000
2.873950684999680e+001	2.974252e+000
2.883716309999680e+001	2.974504e+000
2.893481934999680e+001	2.974720e+000
2.903247559999680e+001	2.974907e+000
2.913013184999680e+001	2.975068e+000
2.922778809999680e+001	2.975207e+000
2.932544434999680e+001	2.975327e+000
2.942310059999680e+001	2.975430e+000
2.952075684999680e+001	2.975518e+000
2.961841309999680e+001	2.975595e+000
2.971606934999680e+001	2.975661e+000
2.981372559999680e+001	2.975718e+000
2.991138184999680e+001	2.975767e+000
3.000903809999680e+001	2.975809e+000
3.020435059999680e+001	2.975877e+000
3.039966309999680e+001	2.975927e+000
3.059497559999680e+001	2.975965e+000
3.088794434999680e+001	2.976003e+000
3.118091309999680e+001	2.976028e+000
3.141807827856823e+001	2.976040e+000
3.165524345713966e+001	2.976049e+000
3.189240863571109e+001	2.976057e+000
3.212957381428252e+001	2.976063e+000
3.236673899285395e+001	2.976067e+000
3.260390417142537e+001	2.976069e+000
3.284106934999680e+001	2.976069e+000
3.298954375000019e+001	2.976070e+000
3.300000000000000e+001	2.976070e+000
3.300008000000000e+001	2.975323e+000
3.300024000000000e+001	2.972619e+000
3.300048000000000e+001	2.965050e+000
3.300080000000000e+001	2.950597e+000
3.300194285714286e+001	2.881459e+000
3.300308571428571e+001	2.812434e+000
3.300422857142857e+001	2.743522e+000
3.300537142857143e+001	2.674723e+000
3.300651428571429e+001	2.606037e+000
3.300765714285714e+001	2.537464e+000
3.300880000000000e+001	2.469003e+000
3.300902079999999e+001	2.458943e+000
3.300931519999997e+001	2.450678e+000
3.300960000000000e+001	2.446601e+000
3.306811347857305e+001	2.490308e+000
3.312662695714610e+001	2.531067e+000
3.318514043571916e+001	2.568876e+000
3.324365391429220e+001	2.603737e+000
3.330216739286526e+001	2.635649e+000
3.336068087143831e+001	2.664612e+000
3.341919435001136e+001	2.690626e+000
3.351685060001136e+001	2.730062e+000
3.361450685001136e+001	2.764050e+000
3.371216310001136e+001	2.793342e+000
3.380981935001136e+001	2.818588e+000
3.390747560001136e+001	2.840345e+000
3.400513185001136e+001	2.859097e+000
3.410278810001136e+001	2.875257e+000
3.420044435001136e+001	2.889186e+000
3.429810060001136e+001	2.901190e+000
3.439575685001136e+001	2.911535e+000
3.449341310001136e+001	2.920451e+000
3.459106935001136e+001	2.928136e+000
3.468872560001136e+001	2.934758e+000
3.478638185001136e+001	2.940466e+000
3.488403810001136e+001	2.945385e+000
3.498169435001136e+001	2.949625e+000
3.507935060001136e+001	2.953279e+000
3.517700685001136e+001	2.956428e+000
3.527466310001136e+001	2.959142e+000
3.537231935001136e+001	2.961481e+000
3.546997560001136e+001	2.963497e+000
3.556763185001136e+001	2.965234e+000
3.566528810001136e+001	2.966732e+000
3.576294435001136e+001	2.968022e+000
3.586060060001136e+001	2.969134e+000
3.595825685001136e+001	2.970093e+000
3.605591310001136e+001	2.970919e+000
3.615356935001136e+001	2.971631e+000
3.625122560001136e+001	2.972245e+000
3.634888185001136e+001	2.972773e+000
3.644653810001136e+001	2.973229e+000
3.654419435001136e+001	2.973622e+000
3.664185060001136e+001	2.973960e+000
3.673950685001136e+001	2.974252e+000
3.683716310001136e+001	2.974504e+000
3.693481935001136e+001	2.974720e+000
3.703247560001136e+001	2.974907e+000
3.713013185001136e+001	2.975068e+000
3.722778810001136e+001	2.975207e+000
3.732544435001136e+001	2.975327e+000
3.742310060001136e+001	2.975430e+000
3.752075685001136e+001	2.975518e+000
3.761841310001136e+001	2.975595e+000
3.771606935001136e+001	2.975661e+000
3.781372560001136e+001	2.975718e+000
3.791138185001136e+001	2.975767e+000
3.800903810001136e+001	2.975809e+000
3.820435060001136e+001	2.975877e+000
3.839966310001136e+001	2.975927e+000
3.859497560001136e+001	2.975965e+000
3.888794435001136e+001	2.976003e+000
3.918091310001136e+001	2.976028e+000
3.941807827858279e+001	2.976040e+000
3.965524345715421e+001	2.976049e+000
3.989240863572564e+001	2.976057e+000
4.012957381429708e+001	2.976063e+000
4.036673899286851e+001	2.976067e+000
4.060390417143993e+001	2.976069e+000
4.084106935001136e+001	2.976069e+000
4.100000000000000e+001	2.976070e+000
4.100008000000000e+001	2.975323e+000
4.100024000000000e+001	2.972619e+000
4.100048000000000e+001	2.965050e+000
4.100080000000000e+001	2.950597e+000
4.100194285714286e+001	2.881459e+000
4.100308571428571e+001	2.812434e+000
4.100422857142857e+001	2.743522e+000
4.100537142857143e+001	2.674723e+000
4.100651428571429e+001	2.606037e+000
4.100765714285714e+001	2.537464e+000
4.100880000000000e+001	2.469003e+000
4.100902080000000e+001	2.458943e+000
4.100931519999999e+001	2.450678e+000
4.100960000000000e+001	2.446601e+000
4.106811347857201e+001	2.490308e+000
4.112662695714403e+001	2.531067e+000
4.118514043571604e+001	2.568876e+000
4.124365391428805e+001	2.603737e+000
4.130216739286006e+001	2.635649e+000
4.136068087143207e+001	2.664612e+000
4.141919435000408e+001	2.690626e+000
4.151685060000408e+001	2.730062e+000
4.161450685000408e+001	2.764050e+000
4.171216310000408e+001	2.793342e+000
4.180981935000408e+001	2.818588e+000
4.190747560000408e+001	2.840345e+000
4.200513185000408e+001	2.859097e+000
4.210278810000408e+001	2.875257e+000
4.220044435000408e+001	2.889186e+000
4.229810060000408e+001	2.901190e+000
4.239575685000408e+001	2.911535e+000
4.249341310000408e+001	2.920451e+000
4.259106935000408e+001	2.928136e+000
4.268872560000408e+001	2.934758e+000
4.278638185000408e+001	2.940466e+000
4.288403810000408e+001	2.945385e+000
4.298169435000408e+001	2.949625e+000
4.307935060000408e+001	2.953279e+000
4.317700685000408e+001	2.956428e+000
4.327466310000408e+001	2.959142e+000
4.337231935000408e+001	2.961481e+000
4.346997560000408e+001	2.963497e+000
4.356763185000408e+001	2.965234e+000
4.366528810000408e+001	2.966732e+000
4.376294435000408e+001	2.968022e+000
4.386060060000408e+001	2.969134e+000
4.395825685000408e+001	2.970093e+000
4.405591310000408e+001	2.970919e+000
4.415356935000408e+001	2.971631e+000
4.425122560000408e+001	2.972245e+000
4.434888185000408e+001	2.972773e+000
4.444653810000408e+001	2.973229e+000
4.454419435000408e+001	2.973622e+000
4.464185060000408e+001	2.973960e+000
4.473950685000408e+001	2.974252e+000
4.483716310000408e+001	2.974504e+000
4.493481935000408e+001	2.974720e+000
4.503247560000408e+001	2.974907e+000
4.513013185000408e+001	2.975068e+000
4.522778810000408e+001	2.975207e+000
4.532544435000408e+001	2.975327e+000
4.542310060000408e+001	2.975430e+000
4.552075685000408e+001	2.975518e+000
4.561841310000408e+001	2.975595e+000
4.571606935000408e+001	2.975661e+000
4.581372560000408e+001	2.975718e+000
4.591138185000408e+001	2.975767e+000
4.600903810000408e+001	2.975809e+000
4.620435060000408e+001	2.975877e+000
4.639966310000408e+001	2.975927e+000
4.659497560000408e+001	2.975965e+000
4.688794435000408e+001	2.976003e+000
4.718091310000408e+001	2.976028e+000
4.741807827857551e+001	2.976040e+000
4.765524345714694e+001	2.976049e+000
4.789240863571837e+001	2.976057e+000
4.812957381428980e+001	2.976063e+000
4.836673899286123e+001	2.976067e+000
4.860390417143265e+001	2.976069e+000
4.884106935000408e+001	2.976069e+000
4.900000000000000e+001	2.976070e+000
4.900008000000000e+001	2.975323e+000
4.900024000000000e+001	2.972619e+000
4.900048000000000e+001	2.965050e+000
4.900080000000000e+001	2.950597e+000
4.900183771428571e+001	2.887815e+000
4.900287542857144e+001	2.825126e+000
4.900391314285715e+001	2.762531e+000
4.900495085714287e+001	2.700028e+000
4.900598857142858e+001	2.637619e+000
4.900702628571430e+001	2.575302e+000
4.900806400000002e+001	2.513079e+000
4.900880000000000e+001	2.469003e+000
4.900902080000000e+001	2.458943e+000
4.900931519999999e+001	2.450678e+000
4.900960000000000e+001	2.446601e+000
4.906811347857201e+001	2.490308e+000
4.912662695714403e+001	2.531067e+000
4.918514043571604e+001	2.568876e+000
4.924365391428805e+001	2.603737e+000
4.930216739286006e+001	2.635649e+000
4.936068087143207e+001	2.664612e+000
4.941919435000408e+001	2.690626e+000
4.951685060000408e+001	2.730062e+000
4.961450685000408e+001	2.764050e+000
4.971216310000408e+001	2.793342e+000
4.980981935000408e+001	2.818588e+000
4.990747560000408e+001	2.840345e+000
5.000513185000408e+001	2.859097e+000
5.010278810000408e+001	2.875257e+000
5.020044435000408e+001	2.889186e+000
5.029810060000408e+001	2.901190e+000
5.039575685000408e+001	2.911535e+000
5.049341310000408e+001	2.920451e+000
5.059106935000408e+001	2.928136e+000
5.068872560000408e+001	2.934758e+000
5.078638185000408e+001	2.940466e+000
5.088403810000408e+001	2.945385e+000
5.098169435000408e+001	2.949625e+000
5.107935060000408e+001	2.953279e+000
5.117700685000408e+001	2.956428e+000
5.127466310000408e+001	2.959142e+000
5.137231935000408e+001	2.961481e+000
5.146997560000408e+001	2.963497e+000
5.156763185000408e+001	2.965234e+000
5.166528810000408e+001	2.966732e+000
5.176294435000408e+001	2.968022e+000
5.186060060000408e+001	2.969134e+000
5.195825685000408e+001	2.970093e+000
5.205591310000408e+001	2.970919e+000
5.215356935000408e+001	2.971631e+000
5.225122560000408e+001	2.972245e+000
5.234888185000408e+001	2.972773e+000
5.244653810000408e+001	2.973229e+000
5.254419435000408e+001	2.973622e+000
5.264185060000408e+001	2.973960e+000
5.273950685000408e+001	2.974252e+000
5.283716310000408e+001	2.974504e+000
5.293481935000408e+001	2.974720e+000
5.303247560000408e+001	2.974907e+000
5.313013185000408e+001	2.975068e+000
5.322778810000408e+001	2.975207e+000
5.332544435000408e+001	2.975327e+000
5.342310060000408e+001	2.975430e+000
5.352075685000408e+001	2.975518e+000
5.361841310000408e+001	2.975595e+000
5.371606935000408e+001	2.975661e+000
5.381372560000408e+001	2.975718e+000
5.391138185000408e+001	2.975767e+000
5.400903810000408e+001	2.975809e+000
5.420435060000408e+001	2.975877e+000
5.439966310000408e+001	2.975927e+000
5.459497560000408e+001	2.975965e+000
5.488794435000408e+001	2.976003e+000
5.518091310000408e+001	2.976028e+000
5.541807827857551e+001	2.976040e+000
5.565524345714694e+001	2.976049e+000
5.589240863571837e+001	2.976057e+000
5.612957381428980e+001	2.976063e+000
5.636673899286123e+001	2.976067e+000
5.660390417143265e+001	2.976069e+000
5.684106935000408e+001	2.976069e+000
5.700000000000000e+001	2.976070e+000
5.700008000000000e+001	2.975323e+000
5.700024000000000e+001	2.972619e+000
5.700048000000000e+001	2.965050e+000
5.700080000000000e+001	2.950597e+000
5.700194285714286e+001	2.881459e+000
5.700308571428571e+001	2.812434e+000
5.700422857142857e+001	2.743522e+000
5.700537142857143e+001	2.674723e+000
5.700651428571429e+001	2.606037e+000
5.700765714285714e+001	2.537464e+000
5.700880000000000e+001	2.469003e+000
5.700902080000000e+001	2.458943e+000
5.700931519999999e+001	2.450678e+000
5.700960000000000e+001	2.446601e+000
5.706811347857201e+001	2.490308e+000
5.712662695714403e+001	2.531067e+000
5.718514043571604e+001	2.568876e+000
5.724365391428805e+001	2.603737e+000
5.730216739286006e+001	2.635649e+000
5.736068087143207e+001	2.664612e+000
5.741919435000408e+001	2.690626e+000
5.751685060000408e+001	2.730062e+000
5.761450685000408e+001	2.764050e+000
5.771216310000408e+001	2.793342e+000
5.780981935000408e+001	2.818588e+000
5.790747560000408e+001	2.840345e+000
5.800513185000408e+001	2.859097e+000
5.810278810000408e+001	2.875257e+000
5.820044435000408e+001	2.889186e+000
5.829810060000408e+001	2.901190e+000
5.839575685000408e+001	2.911535e+000
5.849341310000408e+001	2.920451e+000
5.859106935000408e+001	2.928136e+000
5.868872560000408e+001	2.934758e+000
5.878638185000408e+001	2.940466e+000
5.888403810000408e+001	2.945385e+000
5.898169435000408e+001	2.949625e+000
5.907935060000408e+001	2.953279e+000
5.917700685000408e+001	2.956428e+000
5.927466310000408e+001	2.959142e+000
5.937231935000408e+001	2.961481e+000
5.946997560000408e+001	2.963497e+000
5.956763185000408e+001	2.965234e+000
5.966528810000408e+001	2.966732e+000
5.976294435000408e+001	2.968022e+000
5.986060060000408e+001	2.969134e+000
5.995825685000408e+001	2.970093e+000
6.005591310000408e+001	2.970919e+000
6.015356935000408e+001	2.971631e+000
6.025122560000408e+001	2.972245e+000
6.034888185000408e+001	2.972773e+000
6.044653810000408e+001	2.973229e+000
6.054419435000408e+001	2.973622e+000
6.064185060000408e+001	2.973960e+000
6.073950685000408e+001	2.974252e+000
6.083716310000408e+001	2.974504e+000
6.093481935000408e+001	2.974720e+000
6.103247560000408e+001	2.974907e+000
6.113013185000408e+001	2.975068e+000
6.122778810000408e+001	2.975207e+000
6.132544435000408e+001	2.975327e+000
6.142310060000408e+001	2.975430e+000
6.152075685000408e+001	2.975518e+000
6.161841310000408e+001	2.975595e+000
6.171606935000408e+001	2.975661e+000
6.181372560000408e+001	2.975718e+000
6.191138185000408e+001	2.975767e+000
6.200903810000408e+001	2.975809e+000
6.220435060000408e+001	2.975877e+000
6.239966310000408e+001	2.975927e+000
6.259497560000408e+001	2.975965e+000
6.288794435000408e+001	2.976003e+000
6.318091310000408e+001	2.976028e+000
6.341807827857551e+001	2.976040e+000
6.365524345714695e+001	2.976049e+000
6.389240863571838e+001	2.976057e+000
6.412957381428980e+001	2.976063e+000
6.436673899286123e+001	2.976067e+000
6.460390417143266e+001	2.976069e+000
6.484106935000409e+001	2.976069e+000
6.500000000000000e+001	2.976070e+000
6.500008000000000e+001	2.975323e+000
6.500023999999999e+001	2.972619e+000
6.500048000000000e+001	2.965050e+000
6.500080000000000e+001	2.950597e+000
6.500194285714285e+001	2.881459e+000
6.500308571428572e+001	2.812434e+000
6.500422857142857e+001	2.743522e+000
6.500537142857142e+001	2.674723e+000
6.500651428571428e+001	2.606037e+000
6.500765714285714e+001	2.537464e+000
6.500879999999999e+001	2.469003e+000
6.500902079999997e+001	2.458943e+000
6.500931519999996e+001	2.450678e+000
6.500960000000001e+001	2.446601e+000
6.506811347857368e+001	2.490308e+000
6.512662695714735e+001	2.531067e+000
6.518514043572102e+001	2.568876e+000
6.524365391429471e+001	2.603737e+000
6.530216739286838e+001	2.635649e+000
6.536068087144206e+001	2.664612e+000
6.541919435001573e+001	2.690626e+000
6.551685060001573e+001	2.730062e+000
6.561450685001573e+001	2.764050e+000
6.571216310001573e+001	2.793342e+000
6.580981935001573e+001	2.818588e+000
6.590747560001573e+001	2.840345e+000
6.600513185001573e+001	2.859097e+000
6.610278810001573e+001	2.875257e+000
6.620044435001573e+001	2.889186e+000
6.629810060001573e+001	2.901190e+000
6.639575685001573e+001	2.911535e+000
6.649341310001573e+001	2.920451e+000
6.659106935001573e+001	2.928136e+000
6.668872560001573e+001	2.934758e+000
6.678638185001573e+001	2.940466e+000
6.688403810001573e+001	2.945385e+000
6.698169435001573e+001	2.949625e+000
6.707935060001573e+001	2.953279e+000
6.717700685001573e+001	2.956428e+000
6.727466310001573e+001	2.959142e+000
6.737231935001573e+001	2.961481e+000
6.746997560001573e+001	2.963497e+000
6.756763185001573e+001	2.965234e+000
6.766528810001573e+001	2.966732e+000
6.776294435001573e+001	2.968022e+000
6.786060060001573e+001	2.969134e+000
6.795825685001573e+001	2.970093e+000
6.805591310001573e+001	2.970919e+000
6.815356935001573e+001	2.971631e+000
6.825122560001573e+001	2.972245e+000
6.834888185001573e+001	2.972773e+000
6.844653810001573e+001	2.973229e+000
6.854419435001573e+001	2.973622e+000
6.864185060001573e+001	2.973960e+000
6.873950685001573e+001	2.974252e+000
6.883716310001573e+001	2.974504e+000
6.893481935001573e+001	2.974720e+000
6.903247560001573e+001	2.974907e+000
6.913013185001573e+001	2.975068e+000
6.922778810001573e+001	2.975207e+000
6.932544435001573e+001	2.975327e+000
6.942310060001573e+001	2.975430e+000
6.952075685001573e+001	2.975518e+000
6.961841310001573e+001	2.975595e+000
6.971606935001573e+001	2.975661e+000
6.981372560001573e+001	2.975718e+000
6.991138185001573e+001	2.975767e+000
7.000903810001573e+001	2.975809e+000
7.020435060001573e+001	2.975877e+000
7.039966310001573e+001	2.975927e+000
7.059497560001573e+001	2.975965e+000
7.088794435001573e+001	2.976003e+000
7.118091310001573e+001	2.976028e+000
7.141807827858716e+001	2.976040e+000
7.165524345715859e+001	2.976049e+000
7.189240863573002e+001	2.976057e+000
7.212957381430144e+001	2.976063e+000
7.236673899287287e+001	2.976067e+000
7.260390417144430e+001	2.976069e+000
7.284106935001573e+001	2.976069e+000
7.300000000000000e+001	2.976070e+000
7.300008000000000e+001	2.975323e+000
7.300023999999999e+001	2.972619e+000
7.300048000000000e+001	2.965050e+000
7.300080000000000e+001	2.950597e+000
7.300194285714285e+001	2.881459e+000
7.300308571428572e+001	2.812434e+000
7.300422857142857e+001	2.743522e+000
7.300537142857142e+001	2.674723e+000
7.300651428571428e+001	2.606037e+000
7.300765714285714e+001	2.537464e+000
7.300879999999999e+001	2.469003e+000
7.300902079999999e+001	2.458943e+000
7.300931519999998e+001	2.450678e+000
7.300960000000001e+001	2.446601e+000
7.306811347857243e+001	2.490308e+000
7.312662695714487e+001	2.531067e+000
7.318514043571729e+001	2.568876e+000
7.324365391428971e+001	2.603737e+000
7.330216739286213e+001	2.635649e+000
7.336068087143457e+001	2.664612e+000
7.341919435000699e+001	2.690626e+000
7.351685060000699e+001	2.730062e+000
7.361450685000699e+001	2.764050e+000
7.371216310000699e+001	2.793342e+000
7.380981935000699e+001	2.818588e+000
7.390747560000699e+001	2.840345e+000
7.400513185000699e+001	2.859097e+000
7.410278810000699e+001	2.875257e+000
7.420044435000699e+001	2.889186e+000
7.429810060000699e+001	2.901190e+000
7.439575685000699e+001	2.911535e+000
7.449341310000699e+001	2.920451e+000
7.459106935000699e+001	2.928136e+000
7.468872560000699e+001	2.934758e+000
7.478638185000699e+001	2.940466e+000
7.488403810000699e+001	2.945385e+000
7.498169435000699e+001	2.949625e+000
7.507935060000699e+001	2.953279e+000
7.517700685000699e+001	2.956428e+000
7.527466310000699e+001	2.959142e+000
7.537231935000699e+001	2.961481e+000
7.546997560000699e+001	2.963497e+000
7.556763185000699e+001	2.965234e+000
7.566528810000699e+001	2.966732e+000
7.576294435000699e+001	2.968022e+000
7.586060060000699e+001	2.969134e+000
7.595825685000699e+001	2.970093e+000
7.605591310000699e+001	2.970919e+000
7.615356935000699e+001	2.971631e+000
7.625122560000699e+001	2.972245e+000
7.634888185000699e+001	2.972773e+000
7.644653810000699e+001	2.973229e+000
7.654419435000699e+001	2.973622e+000
7.664185060000699e+001	2.973960e+000
7.673950685000699e+001	2.974252e+000
7.683716310000699e+001	2.974504e+000
7.693481935000699e+001	2.974720e+000
7.703247560000699e+001	2.974907e+000
7.713013185000699e+001	2.975068e+000
7.722778810000699e+001	2.975207e+000
7.732544435000699e+001	2.975327e+000
7.742310060000699e+001	2.975430e+000
7.752075685000699e+001	2.975518e+000
7.761841310000699e+001	2.975595e+000
7.771606935000699e+001	2.975661e+000
7.781372560000699e+001	2.975718e+000
7.791138185000699e+001	2.975767e+000
7.800903810000699e+001	2.975809e+000
7.820435060000699e+001	2.975877e+000
7.839966310000699e+001	2.975927e+000
7.859497560000699e+001	2.975965e+000
7.888794435000699e+001	2.976003e+000
7.918091310000699e+001	2.976028e+000
7.941807827857842e+001	2.976040e+000
7.965524345714985e+001	2.976049e+000
7.989240863572128e+001	2.976057e+000
8.012957381429270e+001	2.976063e+000
8.036673899286413e+001	2.976067e+000
8.060390417143556e+001	2.976069e+000
8.084106935000699e+001	2.976069e+000
8.100000000000000e+001	2.976070e+000
8.100008000000000e+001	2.975323e+000
8.100023999999999e+001	2.972619e+000
8.100048000000000e+001	2.965050e+000
8.100080000000000e+001	2.950597e+000
8.100194285714285e+001	2.881459e+000
8.100308571428572e+001	2.812434e+000
8.100422857142857e+001	2.743522e+000
8.100537142857142e+001	2.674723e+000
8.100651428571428e+001	2.606037e+000
8.100765714285714e+001	2.537464e+000
8.100879999999999e+001	2.469003e+000
8.100902079999999e+001	2.458943e+000
8.100931519999998e+001	2.450678e+000
8.100960000000001e+001	2.446601e+000
8.106811347857243e+001	2.490308e+000
8.112662695714487e+001	2.531067e+000
8.118514043571729e+001	2.568876e+000
8.124365391428971e+001	2.603737e+000
8.130216739286213e+001	2.635649e+000
8.136068087143457e+001	2.664612e+000
8.141919435000699e+001	2.690626e+000
8.151685060000699e+001	2.730062e+000
8.161450685000699e+001	2.764050e+000
8.171216310000699e+001	2.793342e+000
8.180981935000699e+001	2.818588e+000
8.190747560000699e+001	2.840345e+000
8.200513185000699e+001	2.859097e+000
8.210278810000699e+001	2.875257e+000
8.220044435000699e+001	2.889186e+000
8.229810060000699e+001	2.901190e+000
8.239575685000699e+001	2.911535e+000
8.249341310000699e+001	2.920451e+000
8.259106935000699e+001	2.928136e+000
8.268872560000699e+001	2.934758e+000
8.278638185000699e+001	2.940466e+000
8.288403810000699e+001	2.945385e+000
8.298169435000699e+001	2.949625e+000
8.307935060000699e+001	2.953279e+000
8.317700685000699e+001	2.956428e+000
8.327466310000699e+001	2.959142e+000
8.337231935000699e+001	2.961481e+000
8.346997560000699e+001	2.963497e+000
8.356763185000699e+001	2.965234e+000
8.366528810000699e+001	2.966732e+000
8.376294435000699e+001	2.968022e+000
8.386060060000699e+001	2.969134e+000
8.395825685000699e+001	2.970093e+000
8.405591310000699e+001	2.970919e+000
8.415356935000699e+001	2.971631e+000
8.425122560000699e+001	2.972245e+000
8.434888185000699e+001	2.972773e+000
8.444653810000699e+001	2.973229e+000
8.454419435000699e+001	2.973622e+000
8.464185060000699e+001	2.973960e+000
8.473950685000699e+001	2.974252e+000
8.483716310000699e+001	2.974504e+000
8.493481935000699e+001	2.974720e+000
8.503247560000699e+001	2.974907e+000
8.513013185000699e+001	2.975068e+000
8.522778810000699e+001	2.975207e+000
8.532544435000699e+001	2.975327e+000
8.542310060000699e+001	2.975430e+000
8.552075685000699e+001	2.975518e+000
8.561841310000699e+001	2.975595e+000
8.571606935000699e+001	2.975661e+000
8.581372560000699e+001	2.975718e+000
8.591138185000699e+001	2.975767e+000
8.600903810000699e+001	2.975809e+000
8.620435060000699e+001	2.975877e+000
8.639966310000699e+001	2.975927e+000
8.659497560000699e+001	2.975965e+000
8.688794435000699e+001	2.976003e+000
8.718091310000699e+001	2.976028e+000
8.741807827857842e+001	2.976040e+000
8.765524345714985e+001	2.976049e+000
8.789240863572128e+001	2.976057e+000
8.812957381429270e+001	2.976063e+000
8.836673899286413e+001	2.976067e+000
8.860390417143556e+001	2.976069e+000
8.884106935000699e+001	2.976069e+000
8.900000000000000e+001	2.976070e+000
8.900008000000000e+001	2.975323e+000
8.900023999999999e+001	2.972619e+000
8.900048000000000e+001	2.965050e+000
8.900080000000000e+001	2.950597e+000
8.900194285714285e+001	2.881459e+000
8.900308571428572e+001	2.812434e+000
8.900422857142857e+001	2.743522e+000
8.900537142857142e+001	2.674723e+000
8.900651428571428e+001	2.606037e+000
8.900765714285714e+001	2.537464e+000
8.900879999999999e+001	2.469003e+000
8.900902079999999e+001	2.458943e+000
8.900931519999998e+001	2.450678e+000
8.900960000000001e+001	2.446601e+000
8.906811347857243e+001	2.490308e+000
8.912662695714487e+001	2.531067e+000
8.918514043571729e+001	2.568876e+000
8.924365391428971e+001	2.603737e+000
8.930216739286213e+001	2.635649e+000
8.936068087143457e+001	2.664612e+000
8.941919435000699e+001	2.690626e+000
8.951685060000699e+001	2.730062e+000
8.961450685000699e+001	2.764050e+000
8.971216310000699e+001	2.793342e+000
8.980981935000699e+001	2.818588e+000
8.990747560000699e+001	2.840345e+000
9.000513185000699e+001	2.859097e+000
9.010278810000699e+001	2.875257e+000
9.020044435000699e+001	2.889186e+000
9.029810060000699e+001	2.901190e+000
9.039575685000699e+001	2.911535e+000
9.049341310000699e+001	2.920451e+000
9.059106935000699e+001	2.928136e+000
9.068872560000699e+001	2.934758e+000
9.078638185000699e+001	2.940466e+000
9.088403810000699e+001	2.945385e+000
9.098169435000699e+001	2.949625e+000
9.107935060000699e+001	2.953279e+000
9.117700685000699e+001	2.956428e+000
9.127466310000699e+001	2.959142e+000
9.137231935000699e+001	2.961481e+000
9.146997560000699e+001	2.963497e+000
9.156763185000699e+001	2.965234e+000
9.166528810000699e+001	2.966732e+000
9.176294435000699e+001	2.968022e+000
9.186060060000699e+001	2.969134e+000
9.195825685000699e+001	2.970093e+000
9.205591310000699e+001	2.970919e+000
9.215356935000699e+001	2.971631e+000
9.225122560000699e+001	2.972245e+000
9.234888185000699e+001	2.972773e+000
9.244653810000699e+001	2.973229e+000
9.254419435000699e+001	2.973622e+000
9.264185060000699e+001	2.973960e+000
9.273950685000699e+001	2.974252e+000
9.283716310000699e+001	2.974504e+000
9.293481935000699e+001	2.974720e+000
9.303247560000699e+001	2.974907e+000
9.313013185000699e+001	2.975068e+000
9.322778810000699e+001	2.975207e+000
9.332544435000699e+001	2.975327e+000
9.342310060000699e+001	2.975430e+000
9.352075685000699e+001	2.975518e+000
9.361841310000699e+001	2.975595e+000
9.371606935000699e+001	2.975661e+000
9.381372560000699e+001	2.975718e+000
9.391138185000699e+001	2.975767e+000
9.400903810000699e+001	2.975809e+000
9.420435060000699e+001	2.975877e+000
9.439966310000699e+001	2.975927e+000
9.459497560000699e+001	2.975965e+000
9.488794435000699e+001	2.976003e+000
9.518091310000699e+001	2.976028e+000
9.541807827857842e+001	2.976040e+000
9.565524345714985e+001	2.976049e+000
9.589240863572128e+001	2.976057e+000
9.612957381429270e+001	2.976063e+000
9.636673899286413e+001	2.976067e+000
9.660390417143556e+001	2.976069e+000
9.684106935000699e+001	2.976069e+000
9.700000000000000e+001	2.976070e+000
9.700008000000000e+001	2.975323e+000
9.700023999999999e+001	2.972619e+000
9.700048000000000e+001	2.965050e+000
9.700080000000000e+001	2.950597e+000
9.700194285714285e+001	2.881459e+000
9.700308571428572e+001	2.812434e+000
9.700422857142857e+001	2.743522e+000
9.700537142857142e+001	2.674723e+000
9.700651428571428e+001	2.606037e+000
9.700765714285714e+001	2.537464e+000
9.700879999999999e+001	2.469003e+000
9.700902079999999e+001	2.458943e+000
9.700931519999998e+001	2.450678e+000
9.700960000000001e+001	2.446601e+000
9.706811347857243e+001	2.490308e+000
9.712662695714487e+001	2.531067e+000
9.718514043571729e+001	2.568876e+000
9.724365391428971e+001	2.603737e+000
9.730216739286213e+001	2.635649e+000
9.736068087143457e+001	2.664612e+000
9.741919435000699e+001	2.690626e+000
9.751685060000699e+001	2.730062e+000
9.761450685000699e+001	2.764050e+000
9.771216310000699e+001	2.793342e+000
9.780981935000699e+001	2.818588e+000
9.790747560000699e+001	2.840345e+000
9.800513185000699e+001	2.859097e+000
9.810278810000699e+001	2.875257e+000
9.820044435000699e+001	2.889186e+000
9.829810060000699e+001	2.901190e+000
9.839575685000699e+001	2.911535e+000
9.849341310000699e+001	2.920451e+000
9.859106935000699e+001	2.928136e+000
9.868872560000699e+001	2.934758e+000
9.878638185000699e+001	2.940466e+000
9.888403810000699e+001	2.945385e+000
9.898169435000699e+001	2.949625e+000
9.907935060000699e+001	2.953279e+000
9.917700685000699e+001	2.956428e+000
9.927466310000699e+001	2.959142e+000
9.937231935000699e+001	2.961481e+000
9.946997560000699e+001	2.963497e+000
9.956763185000699e+001	2.965234e+000
9.966528810000699e+001	2.966732e+000
9.976294435000699e+001	2.968022e+000
9.986060060000699e+001	2.969134e+000
9.995825685000699e+001	2.970111e+000
1.000000000000000e+002	2.970491e+000
